0 1 2 3 4 5
6 7 8 9 10 11 12
13 14 15 16 17 18 19 20
21 22 23 10 24 21 25
13 26 27 28 29 30 31 32
33 34 35 36 37 38 39
40 41 42 43 44 45
46 47 46 48 49 34 50 47 51 52
53 54 55 56 15 57 58 59
60 61 62 28 15 63 64
65 29 30 66 67 34 68
60 22 69 70 71 72 73
74 15 75 76 77 78 79 80
49 81 15 57 82 83 15 84 60 85
86 87 88 89 90 46 91
60 92 93 94 95 46 8 96
46 97 98 99 100 101 102 56
103 80 41 104 105 106 107 108 109
110 111 112 113 114 46 115 45
113 114 15 116 117 46 118 119
49 120 65 29 30 93 121 32
122 123 124 125 60 126 127
128 129 130 127 131 46 8 132
133 26 134 135 136 137 138 106 139
140 141 142 143 60 144 142 145 146
147 21 115 83 148 149
78 150 49 80 151 152 86 26 55 145
60 153 46 154 155 156 53 157 158 159
160 95 46 161 60 162 15 163 53 164
165 166 15 19 6 163 167 168 169
170 171 172 133 56 53 173 174
53 175 176 15 75 177 178 179
180 43 181 182 100 183 170 184 185
186 15 187 117 46 188
76 189 181 190 100 191 103 80 15 192
106 193 194 49 195 196
53 197 46 198 161 60 182 72 85
199 200 15 201 202 117 203 204
100 26 205 206 117 29 207 208 153
209 106 210 136 46 211 19
13 212 53 213 214 173 49 80
215 216 217 29 218 219 37 85
220 221 222 175 53 223
224 46 47 46 8 225
226 227 228 229 230 231 232
60 111 233 234 235 49 236 237 238
110 239 240 241 242 26 243
15 244 245 246 85 49 247
248 249 222 175 53 132
100 250 41 141 106 251 252 253 254 213
180 255 256 257 46 47 258
53 117 46 47 46 259 260 175 261
110 262 86 263 264 265 28 266 267
268 269 270 253 53 271
46 272 115 273 266 274 37 85
275 276 277 278 279 49 80
280 281 54 37 282 283 284 285
15 201 286 113 287 288 231 289
103 290 15 291 28 15 292 293
60 54 294 275 295 296 297
180 298 19 299 300 301
49 302 303 217 304 305 306
307 308 37 309 60 118 310 311 267
312 313 60 314 287 43
110 150 254 315 316 317
41 318 319 320 72 321 106 161
322 323 37 115 150 324
325 326 325 327 328 329 158 330
13 331 332 333 334 37 303 335
336 230 337 338 337 339 340 341 259
110 342 254 343 344 345 346
72 85 46 300 347 53 80 332
348 259 178 349 116 26 178 350
37 8 116 347 158 80 351
6 132 181 173 352 353
275 354 236 6 355 15 356 357
358 359 46 47 49 360 361 85
76 362 363 364 80 158 362 180 365
366 367 46 47 122 364 368 53 197
133 362 106 149 366 367 369 85
110 329 370 371 372 212 53 373 374
375 265 376 95 196
266 173 377 180 26 55 129 51 183
49 80 378 379 217 348 380 29 23
381 95 15 382 156 15 383 384
385 386 21 387 388 389 390 288
231 391 28 21 392 393
394 37 395 21 396 397
60 255 398 15 399 400 401
402 403 404 95 21 405 207
252 406 395 407 21 115 340
408 301 21 211 409
13 156 0 410 411 37 412 413
414 415 207 416 417 418 15 419
15 32 420 421 56 422 423
0 193 424 425 60 426 361 427
100 26 46 47 428 95 46 429
430 102 431 432 53 433 41 434
435 49 436 222 437 53 438 439
440 257 440 441 254 442 443 72 442
222 444 53 54 275 26 445 254 446
76 77 445 37 447 149 448
133 449 450 451 117 452 453
18 454 455 456 457 29 458
459 456 13 460 461 265 189 304
72 462 15 463 6 26 464 24
465 262 466 467 50 468 28 169
469 470 72 470 18 471 472
402 473 60 138 60 474 179
475 114 72 365 466 476 477 372 478
170 479 480 481 482 483 365
484 136 49 85 53 216 485 486 487
181 326 180 488 49 489 41 490 288
6 26 491 46 47 72 216 492
493 212 53 494 208 495 49 12
15 75 103 496 265 497 41 498 499
15 75 103 80 46 500 217 501 502
6 26 503 168 106 85 504 317 505
86 287 506 500 507 508 509
18 510 32 203 511 512 72 513
160 329 514 515 95 15 75 231 223
13 8 71 516 95 15 75 514 517
503 518 519 520 95 6 521 522
6 301 523 524 525 125 526
180 125 527 6 26 528 518 49 529
475 359 46 47 55 530 531
532 212 53 485 53 197 533 106 534
13 54 53 487 535 166 536 537
180 26 55 530 538 37 525 539
6 540 46 47 53 541 254 28 542
543 6 239 544 49 545
275 28 172 167 80 46 546 4
547 548 46 549 6 550 508 548 142 513
140 539 266 551 552 553 282 518
266 14 46 554 166 555 60 556
76 28 46 47 557 558 559 560
348 85 361 47 180 518 106 561
6 115 340 508 213 72 149 76 85
562 563 562 26 208 564 100 563 53 565
72 365 106 149 0 54 275 26 566
60 54 58 154 275 567 26 568
53 569 570 149 86 26 0 571 572
573 341 574 115 217 5
575 78 576 207 60 159 577
133 114 122 578 530 15 367 167 579
60 580 581 582 144 15 75 583
584 236 585 263 586 254 152 180 587
588 589 60 590 591 592
160 593 234 594 595 234 596 265 597
275 244 598 53 373 72 599 600
234 601 265 359 203 602 60 603 604
53 373 605 597 254 342 6 606 12
86 550 372 143 15 607 6 608 15 19
60 153 15 609 610 611 72 302 612
86 550 613 15 614 615 204
60 616 617 618 619 620 37 621
86 622 623 624 153 625 106 310
275 626 0 627 284 628 15 629
60 315 630 618 631 386 72 632
633 301 15 634 37 621 60 635 636
110 117 46 115 456 624 637 144
6 26 638 15 639 106 19 640 641
642 643 60 644 456 645 646
60 12 562 563 562 334 647 520 648
60 229 540 649 650 651 144 652
653 360 49 609 305 156 416 654 265 655
547 54 656 150 657 47 13 518 656 423
503 658 659 553 660 657 47 661 213
662 78 663 517 656 17 664
60 665 50 666 28 178 667 247
100 17 6 115 668 656 669 72 670
671 327 672 673 656 150
657 47 674 675 657 676 20
86 665 50 677 665 50 168 167 24
475 678 100 183 41 679 680 28 577
275 188 72 681 682 683
662 15 684 685 106 343 419
60 686 687 106 688 689 159
547 487 13 690 691 142 518 656 692
656 693 41 694 342 657 434 695 530
254 418 15 696 372 550 142 697 698
60 699 700 624 701 702
13 173 49 162 106 703 76 704 705
106 706 106 707 76 708 709
325 710 624 711 28 712 713 162
714 49 470 21 715 716 60 717
76 120 37 718 212 158 89 719 507
18 720 721 6 550 72 722 723
13 418 29 32 142 724 550 725
60 726 696 72 727 624 728 524 197
562 729 60 115 89 730 731
133 418 46 47 49 587 53 732 733
76 77 106 85 78 550 734
46 517 181 735 60 8 736 60 737
86 550 738 287 739 6 740
741 95 742 230 41 743 744
6 136 745 746 747 748 13 749
750 15 696 72 751 752 753
86 550 754 6 755 562 756 5
757 217 758 759 83 15 760 761
762 95 337 763 764 557 765 766
60 767 337 609 768 769 106 25
110 449 770 106 136 771 772
773 660 536 774 72 571 775 142 393
113 776 19 777 257 577
49 548 657 419 106 571 49 778 612
60 114 72 441 37 19 180 518 106 660
562 190 779 418 656 550 780 656 781
13 782 456 254 660 41 783 427
348 441 224 78 784 785 19
60 786 657 47 72 665 577
37 787 130 788 368 142 686 789
165 790 656 301 15 791 106 474 792
60 482 793 794 699 795
37 796 797 582 24 656 376 331
798 799 368 657 800 801
100 17 15 802 106 492 6 492 172
275 136 363 803 804 142 805 806
807 72 808 809 325 810 183
651 144 656 213 657 47 72 32 106 755
49 247 583 657 47 811 665 260 340
60 660 640 213 812 83 657 30 50 813
475 814 815 142 816 72 19 49 817
133 326 122 818 37 665 536 819 820
333 699 821 822 158 166 13 14 41 192
275 823 657 492 60 749 254 824 657 463
133 550 370 825 15 115 117 657 32
60 95 58 826 827 114 657 828
15 207 49 817 582 120 78 829 45
524 400 830 831 832 833 834
100 17 142 835 836 257 337 207
266 837 414 145 838 117 839 729 553 840
60 665 450 841 266 842 41 843 687
60 844 845 117 514 846 480
13 150 178 138 106 659 847 6 19
656 17 848 849 72 326 60 95 142 789
140 550 850 265 28 41 315 419
53 197 130 201 217 130 851
852 853 372 854 15 855 856 106 857
60 315 670 516 114 51 858 41 737
859 51 860 15 288 106 722 861
60 862 166 21 863 864 865
60 287 183 0 183 859 866
18 867 76 868 869 870 871
13 34 689 300 89 254 872
325 873 874 117 6 183 53 875
325 89 876 877 53 878 95 21 879
86 95 689 802 49 19 53 565
100 880 562 755 651 881 76 32 651 153
100 880 341 136 60 136 228 492 49 85
882 19 883 26 15 884 885
60 144 15 886 887 203 30 50 888
889 449 890 891 0 449 892 893 894
60 895 15 896 897 95 203 154
348 898 60 899 708 14 53 900
60 456 901 53 485 902 19
49 449 903 75 60 114 203 904 643
13 550 905 265 365 536 906 907
547 908 254 257 46 792 142 909 137 91
325 910 503 802 911 257 29 846 806
305 95 46 870 912 456 913
180 8 914 28 915 755
252 456 46 916 917 19 209 46 918
142 518 140 95 142 816 919 848 920
41 921 163 37 868 30 922 923
504 26 15 924 925 117 142 926
41 921 282 927 13 173 928
37 929 548 562 166 930 931 932
514 288 130 933 553 934 839 935 72 936
937 15 938 939 158 940
41 941 72 942 618 943 72 193 944
275 945 946 32 60 931 947 948
60 359 41 949 950 53 951 952
953 263 14 234 954 265 955 956
60 83 957 561 106 85 958
18 959 365 960 28 142 961 962
13 963 234 964 265 769 180 931 965
966 80 46 518 60 34 967 132 337 968
100 166 158 173 37 561 562 257 6 969
970 83 41 800 115 28 21 816
475 971 158 47 180 59 231 132
60 287 183 37 193 137 296 972
40 41 973 106 974 850
37 975 60 976 37 886 60 977 978 979
37 980 981 331 60 114 982 983
6 984 985 72 136 745 986 987
547 342 988 989 72 518 13 990 825
60 673 815 988 991 992 166 562 183
562 993 198 138 333 173 100 933
562 236 994 995 996 72 984 985
584 727 695 597 6 497 106 997 507
624 814 254 127 6 961 173 49 998
142 161 140 173 999 988 550 1000 145
100 880 562 571 60 26 237 117 466 737
13 156 72 85 649 1001 550 613
110 426 624 371 142 119 167 1002
180 114 6 115 54 231 1003 85
181 230 15 1004 1005 117 142 927
275 95 46 1006 231 213 562 149 72 561
128 710 624 673 266 1007 368 53 197
547 1008 518 266 117 1009 100 1010
562 550 254 359 142 47 13 359 265 814
1011 46 927 275 550 103 509 100 1012
562 22 1013 203 1014 0 1015 1016
1017 254 301 46 927 86 139 181 1018
53 1019 988 149 254 28 1020 200 674
562 123 1021 1022 301 15 746
475 257 21 488 181 1023 1024 21 1025
76 1026 892 739 1027 37 1028 798 687
170 1029 44 1030 193 1031 927
100 550 180 488 106 1032 1033 49 120
15 1034 1035 117 967 1036
60 95 966 30 967 1037 1038 28 577
1039 37 1040 117 966 30 967 682
547 342 142 395 266 673 15 1041
60 1042 1043 117 142 1044 1006
475 1045 180 518 60 426 180 1046
130 368 6 840 6 597 516 597 1047
547 1048 49 728 268 1049 518 516 1050
49 436 37 32 1051 49 909 1052 1053
966 288 516 1054 15 1055 217 516 1056
46 8 168 72 1057 117 142 927
142 1058 166 15 285 1059 1060 109
60 1061 158 166 1062 1063 197
180 1064 15 1055 273 656 153 21 813
49 723 113 665 450 218 1065 45
275 95 142 1066 1067 181 1068 340
6 586 21 206 1069 257 29 32
165 153 268 703 1070 32 180 32 1071 1072
966 32 1071 1073 46 512 60 149 180 561
237 206 28 142 1006 1074 15 975
443 49 1075 49 286 1076 102 85
252 32 78 1077 1078 49 1079 337 197
459 910 13 329 459 153 1080 173 15 927
584 236 475 423 72 1081 257 337 696
106 1082 681 217 98 1083 1084
1085 550 585 711 117 524 1086 1087
430 180 442 72 54 624 681 1088
1089 718 1090 337 183 1091 1092
13 14 15 1093 557 449 1094 288
60 95 645 337 1095 1096 1097
180 1098 41 1099 459 95 337 1100 12
15 1101 1102 1103 180 1104
675 41 1105 1106 1107 1108
181 418 15 1109 106 681 1110 1111
60 114 15 1112 1113 180 668 416 1114
110 474 550 6 518 60 1115 533
113 550 508 173 1116 325 80 1117
1118 117 142 518 49 593 72 1119
46 1120 586 142 1121 1122 1123
49 85 624 1124 78 1125 1126
49 1127 1121 173 49 338 142 1053
1128 100 250 275 1053 100 1129 562 139
13 54 624 1130 178 703 770 106 149
953 1131 1132 6 1133 142 1134
1135 301 988 1136 37 183 1137
60 1138 1139 301 142 104 1140
49 338 988 1141 117 46 259 1142
1143 37 1144 624 1145 988 28 142 1146
15 691 1147 180 1148 37 1149 1150
13 673 1151 41 1152 95 142 388
49 283 142 513 86 1153 1154 1155
180 673 142 1156 0 1157 113 550 1158
1159 41 1160 409 49 85
60 509 142 1161 1162 1163 1164
1165 102 1166 668 15 1167 372 153
653 54 142 1168 1169 393
1170 46 1171 28 142 1172 1173
275 497 41 1174 1175 72 1176 612
1177 1178 1179 239 217 203 145 1180 781
381 1181 18 419 142 1148 18 612 142 513
180 85 60 359 142 47 503 1182 723
128 710 624 673 1183 72 474 1184
6 1115 1185 15 1186 106 1112
86 1187 1188 166 254 1189 18 612
13 419 18 612 60 612 18 419 1190
60 470 333 1191 49 1192 1193
372 95 1194 1195 1196 49 1197 561
15 365 18 1144 15 667 28 1198
128 1157 624 1144 501 1199 1200 0 85
624 162 15 419 49 1201 305 26 55 933
60 175 305 1079 86 1202 372 1203 15 971
100 1204 550 15 1205 612
86 1206 696 1207 173 53 1208 15 1209
13 419 231 1210 910 142 1211 1212
60 612 231 1213 144 1214 1215 1038 1216
86 95 1217 37 711 217 946 32
624 114 258 1218 142 1219 1220
60 1221 1222 722 257 142 1223 1224
60 426 224 142 47 60 1225 142 1226
1227 988 497 49 365 130 774 72 1130
1228 414 1229 414 1229 37 1230 538
1231 136 1232 197 60 54 1232 1233
37 329 624 1088 1234 1235 558
252 95 1236 1156 142 47 1237 1238
1239 624 1240 102 85 60 673 142 1220
414 28 15 1241 557 1242 106 419 1243
0 1244 886 484 1245 557 984 1246
180 34 50 518 214 1247 1248 1249
6 673 624 1250 49 548 142 1220 37 1251
86 28 15 1252 117 50 1049 549
624 1253 386 328 117 982 1254
624 1255 15 1256 106 534 41 739 624 1257
60 257 917 1258 151 496 142 691 649 71
110 710 624 1259 514 288 1260 49 1261
180 1262 1230 1263 95 378 1264 612
60 502 1265 967 880 642 1266 1267
60 1268 278 1269 106 534 41 1270 393
110 710 624 1271 557 1272 1273
60 1274 0 1267 49 1267 1275 620
15 1276 1277 106 1278 1268
275 550 151 355 562 212 254 1279 775
13 212 15 1280 624 1240 102 85 1281 1282
618 1283 423 1284 60 1211 517
46 521 166 1285 257 618 1286
275 550 18 1287 701 1288 1289
60 306 1290 518 60 114 967 1291 463
60 114 280 1230 275 550 1292 1097
128 534 41 1293 217 1294 1295
516 691 1296 518 1297 418 966 288
562 1298 117 15 1289 275 56 1299
13 1300 1117 6 1301 95 265 1302
53 197 15 84 113 1303 518 231 213
1304 257 15 1305 117 142 1306 267
475 114 337 463 106 561 49 85 284 247
6 1307 106 482 56 181 149 258
337 1308 624 1309 624 1173 72 85
60 26 618 334 504 114 15 114 106 561
133 26 1310 142 1311 419
86 54 1312 371 142 1313 37 1314 140 1315
60 1316 18 711 1317 130 1318
1236 1129 1319 802 106 34 1320 1321
850 1322 257 15 1323 117 15 19
60 1324 459 80 1325 18 287 806
1326 1322 359 142 518 254 359 337 789
1327 83 15 765 106 364 755
547 673 1328 988 230 78 1291 549
1329 991 1330 969 1331 257 78 1332 207
41 1333 1334 553 136 21 518 1329 1335
49 1336 72 1337 106 1338 1339
13 963 416 1340 60 1341 1338 560
1342 359 337 1343 1344 728 21 359 21 518
1345 534 41 1346 1347 701 624 1348
1349 15 1350 1351 37 1352 288
1353 37 211 163 15 1354 630
937 1355 1356 37 400 1357
1358 1359 15 1360 1202 49 1361
37 1362 1363 102 193 1364 163
60 418 15 1365 75 21 1366 1367
1368 1369 49 1370 37 136 1217
1371 530 142 975 466 1372 1373 284 1374
37 114 1375 1376 301 142 91
13 769 1377 416 330 13 365 1378 139
15 1379 1380 516 1381 305 418 988 56
252 1229 180 136 142 518 503 1382 1383
1384 117 15 75 508 1385 86 1386 1387 1388
222 1389 53 1390 1247 41 239 419
60 144 988 1149 1391 575 142 1392
49 342 1393 1202 1394 988 95 142 427
1395 46 1396 95 337 1397 1398
1060 173 1399 6 1064 15 1380 53 1242
49 1400 15 716 102 991 1401 163
180 327 1402 507 106 1247 41 1403 651 1404
6 1405 15 1406 60 1407 254 449 1217
325 710 46 125 1020 1408 28 142 1409
333 26 1410 252 550 1071 340 15 1411
278 1412 1413 235 13 1414 1415
49 1229 6 1416 15 403 1417 1418
493 230 280 1419 237 1420 275 34 992 1421
60 334 237 774 60 1422 114 1423 1424
503 597 266 1425 557 54 275 26 504 1072
1426 1071 1427 60 1428 1429 1430
1431 217 1432 1385 1433 976 60 975
60 1434 1435 277 72 1436 1437
618 755 348 1438 60 759 550 72 136
1439 46 1440 257 850
142 47 1441 1442 34 1443
1444 34 1445 597 553 34 1445 423
180 28 46 1446 1447 624 1448 72 1449
46 1450 1451 166 46 1452
60 540 142 47 41 1453 1454 1455
524 1456 441 181 95 142 518 60 539
6 550 514 1457 1458 640 80
49 54 50 1459 275 1460 1461 0 561
584 561 1462 6 3 1463 273 266 1464
1465 1466 1467 1468 237 365
100 89 280 1469 6 456 37 561 1470
575 46 1471 18 561 266 1472 258
72 1473 1463 1468 911 166 13 365 1142
333 95 1466 277 41 1474 1475
275 1324 158 1476 173 967 1477 323
252 296 158 1478 50 792 0 909 1479
624 857 254 1480 1481 85
1482 991 1483 1484 167 456 265 125
325 26 37 1082 1485 681 561
432 53 1486 6 681 418 46 1487
13 456 254 530 624 518 265 95 524 1488
562 26 481 139 966 166 46 703 1489
562 1490 1491 694 654 1479
49 153 21 1492 138 372 1424 106 571
100 550 1493 1494 18 1495 1496 1475
1497 114 142 1498 117 46 809 60 729
180 1499 115 1334 76 1500 76 1053
76 993 117 1236 114 76 114 76 597
1501 95 46 463 372 1502 1503
624 144 142 518 1504 28 78 587
100 673 624 1115 254 1494 1505 1506 1507
1085 54 78 1171 296 524 339 247
6 550 72 34 44 1115 1508
60 83 41 1025 106 114 46 1100 213
160 329 181 594 6 594 624 797 72 85
78 797 624 701 110 362 363 474 561
128 710 142 969 1509 1510 28 1511
1512 26 242 881 6 1513 1514 142 816
29 30 50 1515 51 1516
180 287 1517 1518 28 972
547 247 46 47 15 1519 133 1520 72 561
1521 1522 790 662 46 393
180 1523 100 1042 6 1524 825 49 85
86 26 46 47 242 247 1525 384
266 26 15 1526 1527 362 363 597 72 809
553 236 917 1528 275 1529 1530
60 190 6 264 102 85 584 1229 1531 1391
689 826 28 1532 1533 737
133 991 1534 969 372 1201 1236 1535 119
15 1536 266 139 13 149 140 80 15 127
547 262 46 809 37 1537 857 624 478
86 26 55 114 15 1338 1025 106 561
268 710 966 30 1538 28 966 30 260 1448
60 329 1539 230 966 30 86 550 1538 85
1540 180 136 584 1541 1542 213
60 1473 1281 518 1543 1487 106 216 365
6 83 78 1544 550 508 247
6 1307 49 85 275 26 1545 258
547 1546 329 41 1547 732 53 560
122 326 254 34 1548 1549 596 50 271
49 1550 15 19 37 1156 106 518
275 19 60 1156 100 460 296 261
60 54 53 1551 262 49 144 466 1464
18 1552 1229 661 189 231 655 1470
1497 114 142 1468 142 518 1553 1486 1322 114
268 1554 53 673 130 368 53 1555 775
503 518 142 518 6 26 1556 989 992 1557
618 139 1558 149 775 53 1555 78 597
110 212 180 991 992 26 142 518 1559
624 1524 1560 265 359 142 518 53 1561
13 699 266 1562 133 26 46 47 1563
18 1564 1565 106 329 46 47 1566
624 456 1567 46 1568 282 1459
1465 53 1478 265 114 142 1569
60 699 992 822 158 166 41 1570 1409
49 24 1571 918 553 1572 1573 1574
1575 1079 72 593 618 1016 1576 749
1577 561 37 1578 252 3 640 173 266 1579
280 1580 1581 6 1582 526
86 550 1000 1583 1584 418 46 927
46 115 217 46 1585 1345 507 1586
180 340 1587 1588 43 53 197
1589 53 197 60 1008 28 266 1590
1591 53 197 1592 49 80 1593
60 156 41 949 1594 268 921 434
103 1460 271 203 1595 416 701 1596
1597 561 13 699 53 1598 142 1599 1600
60 461 46 115 217 46 1601 571
475 1602 265 95 337 1603 759 306
113 26 55 1604 49 1242 41 1605 729
1606 83 46 115 1607 1608 49 85
29 83 46 115 111 935 49 561
6 26 504 1608 158 166 254 114 142 1409
60 699 158 857 266 1609 624 1309 203 1610
6 182 516 85 181 117 142 1611 546
41 1411 72 518 6 830 561 130 1612
133 550 1543 85 142 1411 181 991 967 1613
60 1614 1608 142 1282 516 1615 6 1411
1433 723 389 667 217 624 873 1433 1464
60 1616 180 991 1617 1618 102 561 78 1418
13 1619 15 442 142 1282 60 550 237 365
50 1620 673 234 1468 13 561 258
86 1088 624 1621 110 456 966 32 1062 153
180 114 15 419 459 1173 982 1622
13 156 624 1623 72 1624 459 426 102 85
60 1625 933 237 933 72 1626 1627
110 26 170 1171 1628 296 348 933
128 1629 46 1630 168 1631 474 338
49 449 1632 419 37 34 798 1633 384
86 28 1634 32 46 879 1635 530
128 1629 624 120 966 32 266 788 152
18 1636 301 265 95 15 376 419
86 95 1637 612 46 183 1638 879
205 1639 1623 102 1172 32 231 772
618 119 237 1640 49 153 953 550 647 85
60 1640 31 119 86 1624 372 338 265 561
133 449 1641 339 117 142 1642 122 549
1643 1644 17 254 195 142 427
180 673 209 106 1645 624 1629 266 1335
0 1646 1157 1647 113 26 242 772
503 1648 673 1465 142 1649 284 790
224 15 1650 886 1117 0 85
180 1651 549 651 1652 1433 1653 60 1654
562 1655 562 1240 15 350 113 190 582 80
13 1656 1292 1657 988 54 624 1115 254 549
49 1658 1659 1660 106 1661 86 26 55 267
13 54 100 129 106 886 60 1662 954
624 273 1663 649 1549 257 142 1268
1664 748 18 1665 100 1666
13 1639 1419 1667 106 1192 1267
15 667 1668 1534 985 60 1669 1670
237 1616 37 85 1671 550 1158
15 951 142 549 15 667 991 4
1236 1672 257 1673 1674 1675
180 156 1236 1676 1665 237 267
72 22 1677 106 518 49 85
142 492 481 152 106 1678 37 1668 258
1679 1680 49 371 1190 37 1681
1682 1683 1684 80 1685
18 236 1673 1686 1687 0 85
475 1209 13 56 1688 200 674 1689
106 34 137 1690 1691 326 49 561
78 1692 624 442 13 673 503 658 898
624 1124 1322 200 674 60 1693 1694 1276
966 288 60 927 237 1098 41 406 441
128 28 1695 15 379 117 46 393
966 288 142 927 46 1696 393 582 1697
142 927 966 288 15 1698 117 6 1699
142 927 231 1045 6 26 72 1229 242 1302
41 1700 11 1701 37 1702 32
13 449 1703 296 6 1454 527
60 1704 72 1229 46 183 1705 45
49 1706 78 1707 166 1708
41 1709 106 1156 618 1710 28 15 927
60 83 337 1711 166 1712
15 1713 1714 1715 217 15 691 1716 1025
562 1181 966 1717 82 166 46 810 1025
60 991 1716 1699 46 808 518 106 927
1718 966 288 60 927 41 1719 181 1720
60 470 231 703 1070 56 1721 15 1722
86 54 966 288 181 1723 359 41 426
76 927 72 518 37 1724 523 231 1725
37 991 967 1726 673 142 288 231 1727
60 28 15 800 1728 1729 142 927
361 19 966 288 181 991 1716 1730
60 95 21 1156 106 518 231 1731 41 1025
100 1732 83 46 1726 804 142 518
46 47 583 55 1733 340 37 561
180 26 254 1199 368 142 1156 1734 1735
60 550 1000 340 37 727 60 334 37 85
76 212 459 1623 46 1726 95 142 393
1736 142 927 49 1737 60 1717 1479
128 1738 330 624 156 624 1720 142 427
389 1739 390 1740 1087 49 1741
6 28 142 132 158 682 1742 772
0 1196 106 1743 95 1744 1745 106 1032
13 26 49 593 142 1746 1747 423
536 1141 1498 56 142 1748 1409
53 594 106 1496 217 966 61 1749
55 317 15 1750 106 287 1517 1459
265 701 624 173 1751 386 72 993 1752
653 43 53 197 254 1324 624 1753 53 197
65 15 282 1754 117 142 1006
0 1755 557 447 26 1556 817 60 1025
60 759 1756 53 485 266 1757 624 488
180 729 1758 1759 359 41 1760 100 691
662 6 19 133 1761 54 1762 817
86 550 140 153 265 1099 102 991 1763
86 14 46 518 516 1764 21 1765 141
1766 28 6 270 83 1767 1768
662 6 19 86 26 208 1769 1770
60 1771 1772 988 257 6 975 29 288
86 518 422 418 15 739 158 330
140 1773 723 106 1774 1775
662 6 19 372 550 1776 988 1777
65 15 724 117 966 30 1778
60 136 142 345 662 142 47 1779
49 1780 15 1453 1773 301 46 1025
49 271 1505 561 53 1554 15 1037 106 1781
642 241 49 518 624 710 1782 503 1783
128 1639 456 624 1152 301 15 427
86 329 624 1784 142 412 1785 517
231 1786 6 1787 60 54 1788 49 120
1789 1157 15 1661 237 1790 418 46 1282
15 1791 6 1416 988 1792 257 142 1267
1793 1794 301 49 24 6 1795 72 561
562 212 18 1026 1796 15 1797 284 692
21 1798 1309 254 1799 481 152 0 85
15 784 1800 1801 1802 305 301
6 1803 1804 1805 1514 21 1367
275 1274 416 1806 257 41 1807
130 1808 49 561 553 1809 28 21 1706
180 54 1810 1807 231 1023 78 95 142 513
142 1409 1096 1811 217 142 442 505
1789 710 142 518 146 15 1666 1812
106 991 1641 1813 156 0 85 624 1799
0 43 53 197 222 17 624 1145 988 1756
953 550 1183 106 1814 166 503 1815
547 329 146 103 991 1505 1791 110 723
86 1816 1817 651 1818 13 1666
110 17 624 1800 333 1819 301 15 717
72 1820 1799 503 1674 89 624 692
110 710 503 1821 37 991 4 1822 1823
1592 4 106 1824 518 481 152
140 1825 503 1826 1827 95 21 1828 1829
13 518 180 518 1789 89 146 142 1830
642 418 265 1831 190 1832 1833
1834 85 1344 1835 60 247 305 271 49 641
100 1115 624 14 15 774 170 788 1836
651 1448 305 28 21 259 1837 968
15 668 416 814 254 287 1838 1839
180 1840 449 1052 1841 106 1842 965
1592 237 1843 100 1844 217 100 983
642 1842 663 95 6 880 1845 1846
414 1847 106 809 459 1848 1849 423
76 1850 1746 95 15 1851
100 166 15 19 6 1852 656 14 142 1752
76 14 15 1853 668 15 1854 231 1367
49 144 178 1855 1856 1857
18 781 1858 193 1859 1095
1860 237 660 170 1861 228 1233
481 693 49 1086 111 1862 49 1130
268 166 657 339 1863 423 656 152
6 1864 117 1865 1628 301 656 1866
642 287 365 516 287 365 466 879
60 660 13 365 651 287 1171 232
1867 1868 217 15 801
181 1869 1870 1871 660
102 1872 1873 618 197 106 115 1846
60 660 72 1874 1875 237 800 781
1876 117 15 64 60 1877 117 15 581
15 365 231 1171 117 657 115 338
15 667 14 657 599 296 1299
60 660 72 287 788 512 1878 692
72 114 1879 1079 656 701 178 1025
13 660 414 487 1880 660 180 726 927
547 262 798 597 231 115 239 1818
18 54 50 59 275 729 231 247
15 9 1881 183 13 551 3 158 1882
180 54 50 1883 668 231 95 158 213
15 1435 1884 1071 1885 562 1886 41 1887
562 449 1888 1889 106 449 1426
1890 301 524 1427 60 290 562 1891
86 315 1892 337 1381 1893 1894
13 359 337 1895 61 166 337 338
459 213 1896 60 1897 872
215 28 645 50 1898 456 254 530
106 1899 50 1900 237 1436 1901 152
60 530 106 660 1591 60 201 571
86 54 140 872 142 816 1902 657 729
254 1903 1506 15 1904 1905
106 718 89 1532 78 1906 789
13 660 140 1374 130 933 72 1907 1908
553 1909 1910 1911 37 1912 19
86 776 441 140 1913 1914
60 1915 1916 769 15 283 106 1917
325 1918 21 1919 325 1920 1921 1670 140 895
15 376 1922 117 657 25
1923 371 60 1924 1925
140 660 1926 1391 657 127 140 340 671 1927
1371 95 15 32 106 114 196
6 767 78 75 1928 28 15 1929 736
100 1595 15 1930 54 657 47 1931
656 213 72 136 60 289 72 1306 32
50 518 1932 46 1933 266 326 254 1609
46 1934 167 1935 80 553 1936
275 230 1937 18 1938 166 1939
1940 1941 95 21 1942 682
100 518 266 26 1465 1937 53 1943
46 1944 32 1371 1595 459 1621 37 1945
1940 153 674 60 456 254 1946
15 1947 106 518 37 1490 1948 1949
584 136 1950 1951 497 15 1952 80
275 463 15 1953 113 1668 27 781
1688 1210 28 15 1954 6 156 459 153
1183 106 518 130 1955 508 80 15 1173
76 1557 158 303 668 481 1885 106 1749
1177 315 1956 1957 130 1958 130 983
1959 657 1960 268 17 624 456 13 1866
224 15 792 60 367 106 665 4
624 701 503 1262 19 557 114 49 223
325 1961 49 456 953 660 1962
325 1963 624 461 15 1964 1838
1085 550 142 1352 1965 15 607 180 660
325 1240 15 1966 106 1546 1967
86 660 1071 1968 657 1969 1317 1970
325 1963 624 637 257 142 1971 549
113 660 508 80 76 665 1972 1973
13 497 41 1276 1974 772 60 1240 106 748
653 43 656 423 128 474 660 348 236
100 989 41 1975 181 518 6 95 657 814
333 660 372 993 739 416 1976 503 1016
6 1977 905 6 152 988 951 657 1960
624 17 72 549 1978 657 367 106 965
76 1098 657 345 278 1277 106 792 49 1979
481 665 1980 1981 28 1982 665 1983
547 342 988 1984 111 1098 657 1985
278 1859 1546 117 657 1582
60 1986 1987 49 1988 1989 389 1990
575 1991 660 106 1574
266 43 656 1992 657 1993 166 100 403
6 660 657 47 508 1994 657 19
49 329 656 814 49 660 158 296 1995
657 47 49 1996 117 1997 907
624 1115 49 1998 333 1999 530 266 2000
254 1560 657 447 80 158 1016 76 507
133 306 266 229 781 13 54 275 166
516 2001 775 128 423 1466 2002 2003
275 2004 359 1525 24 2005
15 2006 1040 117 41 1942 138
547 54 2007 370 257 41 2008 426
1371 117 2009 2010 2011 117 15 975
2012 561 657 218 95 178 846 1109
642 513 557 951 72 2013 1558 1072
6 550 10 153 268 449 917 75 370 120
49 136 2014 2015 117 657 285
2016 3 237 2017 804 2016 1338 334
76 1499 2018 80 15 293
547 2019 624 1115 15 2020 106 1942 119
49 2021 2022 1071 2023 2024 127
414 14 15 2025 348 2026 15 2027 1953
100 456 1466 713 2028 28 337 517
389 869 350 37 54 275 2029 775
72 2030 1144 618 2031 456 2032
2033 1107 95 15 2034 106 384
2035 28 2036 2037 481 2038
2039 1432 540 21 1100 1104
60 19 6 596 231 56 21 598 2040
1762 296 2041 15 2042 1846 102 571
60 2043 15 2044 72 8 91
2045 301 15 2046 106 868 729
60 229 2047 13 359 21 650 49 2048
60 699 49 367 72 1130 142 816 140 790
2049 46 809 209 21 2050 345
181 326 46 814 46 218 17 1822 2051
142 1639 1162 28 15 412 612
242 26 4 142 2052 17 266 2053
1512 1628 497 49 85 372 2054 142 393
181 326 46 2055 54 53 2056 0 85
100 1157 0 2057 1514 142 1424 49 2058
49 723 1928 2059 60 2060 792 72 561
15 1233 60 2061 117 46 2062
547 327 46 518 333 129 181 173 100 250
158 166 142 518 6 1852 966 288 2063
966 30 450 518 6 296 142 1112 2064
49 290 15 2065 1761 359 46 2066
180 85 2067 550 1085 26 242 2068 2069
0 561 2070 1200 37 520 114 51 2071
2072 117 194 2073 114 966 288
60 114 142 2074 60 114 142 287 1025
60 359 78 2075 911 166 503 2076
158 166 100 2077 808 95 142 927
700 503 163 100 383 166 562 139
503 512 100 989 503 729 106 1247 1277
60 359 142 47 966 30 108 456 2078
562 550 618 667 95 618 2079 2080
13 156 142 161 2081 561 142 47 2082
2083 60 2084 37 2085 2086
966 30 194 311 2087 624 728
260 530 2088 150 2089
1060 85 142 47 6 359 142 47 624 127
2090 142 207 37 115 117 46 119
662 142 518 140 80 562 550 1000 56
37 2091 1643 345 2092 217 2093
86 792 1071 2094 21 154 60 818 21 91
37 802 60 210 156 21 763 1373
516 2095 301 49 2096 2097 612
60 114 280 644 1863 56 2098 2099
237 2100 76 1270 769 106 393
1368 583 15 116 117 21 64
180 1247 41 19 372 550 165 786
662 2101 2096 2050 2102
6 190 140 11 2103 0 25
142 259 967 115 1324 142 2104 492
21 115 89 72 1907 2105 802 266 1348
60 334 140 213 60 190 72 727 501 630
86 550 1071 1348 18 2091 2106 345 2107
15 2108 2109 106 2110 1303 207
86 1583 622 2111 624 153 2112
60 2113 689 1960 49 406 687
86 550 1071 1348 15 1944 1952 1613
2114 301 15 2115 117 15 1953
60 449 2116 2117 2118 117 15 2119 2034
2120 587 37 1411 60 1411 37 587
86 550 1071 1348 524 2121 106 1220
76 1220 158 47 2122 28 577
2123 516 2124 988 1181 49 2125
6 19 103 817 60 1486 142 518 583
78 549 181 14 41 371 275 1524 2126
13 502 49 701 6 668 158 2127 49 873
642 2113 325 1910 325 886 325 2128 1653
13 1276 2129 2130 337 2131
128 257 78 687 140 115 669 41 1454
170 2132 166 503 2133 368 41 2134
547 262 140 315 2135 1892 2136 769
662 15 2137 2138 106 2139 119
86 2140 2141 237 173 100 2142
325 2143 106 2144 100 403 13 19 2145
547 2146 2147 43 1377
140 2091 1062 1174 418 649 1752 2148 2149
76 329 2150 345 651 669 21 1816 2151 200
76 189 21 2152 106 115 710 905
547 487 432 78 2153 1071 682
6 95 2105 2154 142 518 508 340 2155 933
2156 257 618 1907 180 2157 371 624 2158
562 28 613 1778 41 2159 2160
60 2161 229 2162 72 2163
60 2164 2165 2166 2167
60 1904 681 2168 2169
60 793 1895 2170 2171
60 1699 742 2172 2173
60 1037 18 2174 2175 2176
60 197 1493 2177 83 2178
60 576 2179 2180 813
60 2181 729 2182 2183
60 2184 703 408 1850 1016
2156 257 618 1907 0 1907 582 550 266 267
653 54 49 12 624 271 142 518 258
493 782 257 2185 17 416 213
60 257 21 554 1079 2186
6 2075 18 1229 2114 17 2187
60 2188 158 47 37 193 2189
222 17 930 2190 2191 21 1873
60 1478 1637 483 117 21 376 942
222 17 1505 115 2192 1784
1426 106 1171 963 21 9 181 989
222 17 416 213 165 263 2193 166
2194 106 154 49 2195 205 2196 2197
180 182 516 327 2198 56 13 193
60 974 106 482 277 224 21 2199
547 1229 234 2200 49 338 268 1500 234 693
72 119 1533 963 775 1236 2201 100 2202
1789 166 21 1873 15 2203 106 119 2204
86 115 2205 60 1340 562 331 372 56
775 1236 2206 2207 106 183 122 2160
76 2208 2209 301 41 376 91
775 15 211 2210 117 15 1289
15 1699 106 2211 122 2212 583
49 213 41 2006 492 102 2006 388
2213 8 1289 2214 152 361 2215
72 1229 280 1293 846 792 237 1348
575 618 59 158 47 60 989
40 503 300 117 2216 630
2217 503 145 49 2218 21 115 781
60 1229 562 359 41 2203 231 263 587
49 338 930 197 268 115 330 106 2219
280 463 106 85 6 449 2220 288 231 1173
1509 229 54 15 549 106 1286 651 2221
618 2222 15 2223 106 947 1020 85 6 1307
2224 2225 729 1371 530 562 1579 2226
46 810 1181 37 810 127 181 2038
13 236 1810 2222 6 247 265 530 29 30
72 667 2227 456 78 127 2040
18 2228 1199 368 15 288 516 2229
459 426 1514 15 115 117 46 513
60 54 72 2230 459 2231 83 46 1424
110 2232 337 1156 1465 337 32 122 556
49 34 137 2134 2233 449 2234 2235 106 2236
13 241 46 1883 2237 173 46 338
15 2117 181 136 6 26 242 2238 648
6 26 55 1562 140 173 266 34 2239
180 2240 2241 1558 1761 699 15 183
15 59 106 115 166 2242
41 2243 6 2244 72 984 1436 985
100 26 266 703 2245 231 230 2246
46 809 15 1570 111 2247 106 19
180 1435 2248 15 1436 856 231 518
60 26 2249 41 2250 2251 204
53 1554 2252 83 15 2253 117 2254 119
2255 173 1593 76 2256 111 2257
252 136 46 127 1801 266 530 46 127
49 2258 2259 2260 1480 2261
133 1026 2242 106 1016 2262 173 46 338
110 26 258 2263 106 1286 464 2264
503 658 2265 180 561 86 550 1000 1289
553 660 140 436 15 2266 1244 2267
1020 2268 28 15 75 6 550 1000 2269
0 136 2270 75 37 2271 380 49 289
2272 212 656 728 78 2273 2274 173
15 345 6 1050 158 359 624 518 656 530
6 550 72 665 50 1156 582 80 1113
133 2275 301 988 673 167 144 656 1267
547 212 624 120 656 426 224 78 816
86 550 2276 2277 1115 37 2278
372 173 100 129 562 991 1505 1487 972
13 342 657 518 1371 257 142 492 577
1482 449 2279 75 167 426 1514 657 1268
60 2054 656 257 988 1871 550 1000 267
547 2280 15 75 167 2281 656 28 2282
268 1120 2205 72 561 6 660 167 518
675 142 371 1281 518 1033 988 1111
180 660 72 561 651 229 1141 560
432 656 1629 2283 178 796 1302
49 456 130 359 988 368 966 30 1778
60 2284 130 127 224 1320 550
553 240 729 582 2285 2286
547 2280 657 989 992 857 1038 935 72 136
6 660 180 518 1876 507 106 561 2287
142 1487 266 1303 43 142 1058 166
60 213 503 597 49 125 325 561 325 660
180 550 1000 2288 18 54 275 550 1531 1391
60 530 167 660 49 518 982 229 809
6 19 106 581 53 569 72 561 613
86 2289 310 76 487 76 2290 372 2284
224 280 2291 275 854 662 15 159
2225 2292 2293 113 2294 15 259 2295 2296
72 561 53 2297 15 2298 117 524 419
562 1871 2299 2300 95 15 1370
275 83 60 83 2105 612 231 1486 583
378 2006 47 6 2301 2259 114 72 1112
72 561 53 2297 15 2302 117 524 1670
6 301 15 2303 117 21 571 231 1302
562 449 2304 750 158 273 2305
2306 37 54 275 326 1558 2307 83
78 26 2308 275 2309 46 518 130 403
49 518 6 507 275 26 640 271 2213 880
13 80 1235 156 6 955 2310
575 618 2311 140 2312 561 583
142 492 516 95 78 2273 178 2313
275 359 2314 340 37 85 140 772
86 26 2315 136 53 175 2316
15 292 1025 1558 2317 49 85
15 886 651 701 13 886 275 166 21 1307
142 1947 181 149 15 1338 1025 106 561
100 673 53 1554 13 2318 15 2319 106 492
15 1750 106 380 142 1058 111 1289
15 2320 379 117 41 2321 2102
51 2322 106 85 49 80 2323
15 809 106 54 181 54 275 326 2324
60 54 181 136 60 136 37 85 2325
100 423 656 28 142 1156 562 2326 49 492
76 14 2327 2328 237 28 15 2329
60 359 15 2330 106 660 624 669 524 2331
562 2332 41 2333 217 21 1500 181 1615
165 974 562 123 2334 217 1358
2335 15 2336 207 103 1478 21 968
165 2337 594 49 80 37 660 258
110 2338 54 15 75 508 153 142 965
859 618 1885 37 2339 301 657 393
60 83 60 83 2340 2341 359 41 426
2342 804 2343 327 1479
653 329 181 693 76 273 0 660 266 1720
1789 456 624 2344 60 2345 419 18 419
76 2346 102 114 76 114 583
222 166 142 816 100 686 117 151 1095
100 1157 0 2347 804 1921 548
222 257 15 19 372 550 254 2348 2349
49 2350 2351 217 49 2352 2353
222 825 624 340 618 365 919 15 293
60 509 1525 95 41 2354 105
6 287 2355 231 2356 162 142 1487
2357 337 1334 60 43 459 2358 2359
547 692 50 518 624 2360 825 106 660
60 660 60 518 237 340 142 1515
100 114 142 594 181 2361 145 2362 781
2363 674 268 166 2364 2365
180 14 15 975 181 1210 781 60 145
100 166 142 518 501 2366 329 181 1692
46 161 103 338 265 262 46 644 767
46 2367 262 46 1262 713 71
1236 2368 310 46 2369 2370 103 24
60 117 78 1109 78 2371 569 53 1565
15 210 668 46 161 103 990 338
106 2372 2373 103 247 265 25
53 83 46 2374 2375 2376 1556 692
649 1759 2377 28 2378
160 329 46 25 1801 2379
2380 49 1907 2381 2382 60 26 208 723
280 2383 2384 2385 418 46 2386
49 1486 41 781 2387 117 46 513
1236 2388 100 720 562 26 2389 426
140 2390 85 60 129 2391 46 1109
100 720 1071 550 2392 265 359 142 969
60 1615 524 183 2393 95 142 816
562 287 2394 806 516 2395 142 132
60 390 85 337 2396 2397
29 32 6 2124 15 1042 102 819 49 478
60 1639 2398 2399 49 2400
1071 2401 2402 28 15 2403 2404
60 246 1079 41 2405 397
252 80 536 974 106 54 275 550 2406
170 2407 181 149 60 2160 106 85
72 520 2408 53 175 13 2221 15 1343
60 2409 37 34 50 2410 2411 80
13 26 55 114 142 197 60 175 2412
562 819 562 2371 991 1319 2398
1085 550 258 284 1557 224 46 2413
142 816 258 1329 114 46 282 1079
13 56 142 383 826 423 2414
60 991 2415 969 231 247 514 667 350
624 2416 50 518 46 201 1515
2417 15 2418 117 41 2419 806
252 329 106 85 46 829 296 1511
416 1461 265 117 60 2420 158 85 674
416 235 265 1895 217 416 2421 6 2355
0 34 2422 115 296 416 247
60 1615 158 95 46 1873 416 710 2423
503 127 49 85 13 329 72 85 231 213
110 2424 305 173 180 54 275 190 231 120
642 329 416 2425 265 26 46 47 242 355
547 262 624 2426 86 550 106 660 372 825
2427 41 1338 1947 231 132 657 1487
60 95 15 127 2428 2429 114 21 682
49 144 988 2177 1044 117 657 2430
13 963 657 809 903 14 15 1952 166
15 2431 14 15 2432 2433 231 24
142 2434 2435 2436 1157 49 193
102 665 2437 2034 231 2438 1299
657 2439 1471 103 669 988 386 2440
1085 190 224 657 2441 1886 231 1361
76 111 2442 624 1115 41 2443 2444
416 117 2445 2446 217 106 2447 1095
110 212 416 731 60 550 266 1764 583
15 916 1558 136 142 518 1558 991 577
76 550 140 213 657 2448 49 144
76 660 1310 86 550 72 886 1000 2449
0 655 657 25 876 1524 1486
1465 72 561 389 1025 103 80 2450
657 1487 0 655 2451 492 140 701
333 550 1107 267 49 114 15 75 640 12
15 886 651 2452 988 230 41 2238 84
86 660 2453 95 946 32 140 1302
657 2454 140 80 142 282 816
275 32 254 699 2455 89 2456
60 2222 49 80 657 111 89 972
86 114 15 2457 117 78 75 237 1289
656 340 140 213 524 1895 586 142 806
113 1892 536 2458 1371 95 15 2459 106 755
624 2416 53 950 254 455 28 142 969
60 1008 569 575 2460 2461
15 2462 2463 275 2464 132
106 1899 137 1510 2465 287 1109
53 197 562 183 72 724 14 72 942
2466 46 809 41 2467 1254 142 127
60 1008 197 2468 49 1784 2469
178 2470 2471 106 449 2472 119
60 456 100 518 252 156 459 701 2473
268 2474 830 2475 651 232
53 990 183 2476 990 2477
72 989 2478 2463 18 34 2479 1282
60 1899 2480 2190 682 266 1338 2481
113 2482 2483 154 72 85 158 166 2484
624 11 2485 6 660 284 2190 1815
60 1008 28 657 183 503 2190 1846
624 1615 76 549 624 1615 656 2358 2486
6 686 22 117 41 843 2487
60 1008 701 624 2488 72 665 1489
6 660 657 47 481 2489 507 10 338
128 1157 41 2490 2491 231 817 51 858
2492 106 809 268 809 72 660 231 648
78 2493 359 142 2075 656 2358 2494
275 89 266 1088 142 1100 111 1042
180 550 2495 254 115 111 2496
86 520 1629 1020 492 60 1448 41 192
911 277 130 492 72 365 106 665 137 32
553 1616 657 1341 710 72 127 2283
475 166 158 54 2497 1088 275 710 695 597
553 136 978 127 6 660 258 237 660
72 2498 2499 2500 166 15 587
275 17 2501 43 657 2502 2503
2504 2505 65 6 806 231 289
6 28 21 1510 235 254 1026 2506 2507
13 190 6 2508 106 660 133 190 651 162
6 660 237 660 100 2509 21 2510
584 1229 13 606 329 72 660 181 1050
254 2511 2022 268 263 152 100 1713
60 1247 41 2512 140 2430 21 1053
40 21 1343 2513 287 43
656 28 657 239 2514 2515 41 1225
481 191 102 127 275 2309 657 2516 2022
142 2177 969 72 1537 2517 203 340
1512 2518 117 657 127 2519 2520
1326 337 2013 37 211 2491
60 1262 2521 18 114 15 2522 2523
624 1240 2524 1156 1085 667 825 2524 2463
60 497 2525 2526 501 2158 2527
49 287 2528 6 2529 1947 2530
72 2531 168 106 507 2532 806
2533 656 2534 624 120 1060 530 1060 989
60 28 15 1088 106 127 2233 2535 597
13 54 181 95 142 549 170 518 49 660
333 2463 1688 2536 2517 21 2537 775
110 520 359 15 1892 106 2463 1142
988 359 142 1042 2538 1044 95 323
1558 326 15 974 1345 2433 106 193 1089 816
1981 359 15 1760 106 114 51 1262 660
6 2358 142 2539 2538 95 142 2386 2540
40 337 192 15 185 1059 459 2503
1558 326 21 1947 18 2541 2124 49 825
2542 41 406 411 6 2543 988 1289
503 2544 190 325 193 2545 18 612
2546 305 2413 142 816 2547
416 1506 6 2548 2549 2550
275 1213 2551 305 257 2552
562 2553 117 142 2493 1524 1084
624 330 254 2554 106 993 488 0 1756
13 156 657 2555 2556 386 21 2273
110 1862 624 1648 54 2557 139
2558 53 197 51 691 180 991 2559
60 497 1399 53 2560 46 2561
15 1993 117 46 809 228 85 2562
142 2563 72 85 237 114 2564
180 262 372 550 2136 85 13 83 46 2565
60 359 6 2566 43 181 991 2567
15 1783 106 136 137 598 72 561 181 2568
60 530 142 2569 200 674 181 2570
46 47 53 1019 46 30 108 673 254 2571
76 561 49 593 53 1019 158 77 2572
100 34 1089 598 224 2573 2574
2575 2057 674 102 1338 697 2576
1789 701 624 693 265 14 41 2577 231 2578
72 1623 41 2099 13 2579 327 524 2580
86 26 208 80 2581 49 1846 988 384
60 350 142 1120 95 15 288 106 1250
224 46 1706 662 142 47 1344 1104
60 560 265 796 1324 53 197 2167
37 139 1031 2582 2583 1062 2584
224 46 1025 624 710 2585 1680 41 2510
106 1438 2586 1059 624 1115 2587
6 26 72 1614 561 208 2588 798 2507
60 550 18 136 103 80 41 2589 1028
180 2590 114 142 1291 1156 102 85
15 2591 6 28 142 47 624 456
2592 265 2593 2594 561
524 166 142 518 49 85 624 530 1995
6 359 46 1699 142 47 103 24 618 918
695 54 53 1389 646 988 359 178 1447
60 550 103 2595 2596 54 1812
1876 117 142 2597 217 624 1693 103 2598
662 46 1773 2511 327 652
53 253 254 518 1217 988 824 100 1016
49 1846 41 168 224 2599 548
562 2600 142 47 1217 2427 46 814
624 814 2387 2601 217 160 2353
266 1584 418 46 2602 60 95 142 840
46 259 2603 1487 503 597 140 289
1482 550 51 129 2604 167 456 158 2605
60 2606 117 1466 145 2387 162
180 85 662 142 47 1344 2607 2608
180 550 640 831 992 1229 585 26 242 539
110 539 988 156 53 485 133 1761 56
165 1280 15 75 181 2609 142 1424 49 1418
2610 257 15 1475 106 711 144 988 2611
60 456 254 2612 72 359 514 2613
493 456 254 156 142 927 516 2614 78 2615
1688 95 15 2616 117 41 2617 1267
1020 173 41 2618 612 41 2619 2620
49 2621 769 41 2622 2623
133 26 2389 271 988 456 254 271 988 2201
86 667 2624 2625 1071 1072 337 1475
13 95 15 2626 817 100 89 624 1565
557 951 15 292 916 106 1495 682
60 667 2627 106 1267 275 56 1038 1267
2628 37 1411 106 85 103 173 1038 530
178 1100 95 337 1334 178 95 337 813
178 95 337 1500 178 95 337 1153 1933
178 95 337 2629 1324 2630 1016
178 95 337 2631 60 2632 178 95 337 1821
60 287 2633 586 21 2634 965
1059 158 2635 41 442 2542 15 1112
13 1907 2636 237 173 142 2637
618 1907 624 1338 95 466 2638 594
46 518 181 1338 368 2639 1334 49 561
2640 553 1500 2641 553 2629 2642
106 597 1479 553 2631 60 2643 80
60 255 85 106 114 946 1095 624 1084
2644 72 136 258 6 26 1556 1486
618 136 583 60 561 536 2645 144
13 456 46 916 49 1478 46 47 583
180 2646 106 492 53 197 2647 139
60 492 503 658 368 46 518 103 772
180 326 2648 224 6 518 106 149
110 1815 624 173 49 488 15 916 106 1581
86 95 15 558 106 727 142 492 516 517
624 153 41 1338 1220 49 561 1051
553 54 275 301 46 2633 296 2649
53 253 254 2650 988 257 771 513
642 54 142 492 102 34 2651 231 1302
547 329 41 474 1707 456 624 723
2652 49 701 46 518 2652 49 12
13 2653 100 2654 6 2127 503 1203
53 569 266 935 60 699 624 692 158 173
100 89 624 213 2655 26 55 989
414 1490 2656 468 530 967 163
508 340 1038 518 49 561 333 2657 781
46 395 37 561 46 927 72 667 350
180 306 651 213 503 2658 95 29 288
1592 72 54 624 1524 692 46 548
72 2659 395 15 935 1716 2660
181 1050 72 2661 60 2662 60 210 2353
13 971 72 34 2663 2358 2664
6 95 46 163 50 518 167 1761 289
901 46 1156 76 34 1716 2665 80
46 395 167 229 1756 13 2666 162
128 497 2667 2668 296 46 115 648
133 34 50 1895 135 173 46 338
459 54 1071 2131 49 2669 60 814 372 487
6 456 254 456 15 739 459 1088 372 338
475 2670 520 423 645 562 1910
2671 159 60 28 1587 1666
459 2672 456 2673 1386 2674
60 468 868 2566 418 1269
2675 423 15 2676 60 2677 117 337 834
2678 13 2679 117 337 2680
15 315 2134 181 28 15 300 259
333 28 158 47 158 61 213 60 12
13 212 6 2134 37 2322 2185 335
15 1360 105 2681 21 2682
180 1436 1300 2683 2684 83 337 1424
2685 6 2686 2235 2070 2022 553 2236
128 259 60 201 175 53 144 15 125
275 497 41 1435 95 15 2687 9
231 2688 15 115 117 46 2689 1487
547 95 268 643 242 26 46 2690 2691
6 840 6 608 15 2692 117 46 119
40 1575 2518 301 46 2693
1801 2694 13 95 41 556 106 127
2695 46 1487 2696 514 1016 1489
547 329 41 2697 701 280 2698 2395
275 359 337 2699 2700 1928 85
113 8 2701 231 1003 287 1203
60 114 982 2702 49 183 6 32 651 153
1497 2703 1281 927 106 136 1659 2704
15 2705 2102 2706 231 873 21 1934
178 120 46 1447 181 571 178 2707
178 120 46 1079 181 571 60 282 2693
1433 1079 60 1438 237 1309 106 597 60 2708
53 2709 2710 2410 54 49 85 2711
562 301 15 2712 117 41 2713 2714
15 1360 1174 814 266 507 2715
100 423 280 2716 54 72 85 237 1348
49 2717 2718 217 180 989 982 2719
128 482 2720 10 449 2721 2722 2723
133 497 41 2724 416 2725 21 395 2726
128 482 2727 1598 53 1602 583
133 26 2728 132 15 1037 106 114 46 1220
13 456 254 530 624 518 265 95 524 1488
562 26 481 139 966 166 46 703 1489
128 497 41 303 586 142 1546 2001
0 85 15 447 117 15 2729 581
268 2730 701 624 2731 268 1626 2732 1348
268 145 2733 314 2734
60 699 78 19 1117 1558 315 19
15 2735 2736 2737 37 774 5
1011 15 2738 2739 117 15 204
414 2740 2741 675 337 2676 20
252 136 2742 677 2743 49 561
13 1130 106 2744 217 2745 2746
180 300 217 21 2747 1998 102 85
60 26 583 15 292 2748 237 2496
76 212 459 478 1060 257 100 1826 41 2749
6 310 160 2750 2751 15 343 2071
0 660 1071 550 2752 1584 95 15 64
86 2753 202 2754 72 114 21 2755
516 1023 41 1947 106 571 72 287 739
6 1639 2756 2757 60 2758 37 1229
252 1506 15 2759 106 2748 325 449 50 2235
106 2760 331 72 1883 217 72 942
370 144 988 993 315 2692 162
76 418 337 974 2761 698 1322 43 459 2503
325 2358 624 2015 1098 15 2762 621
325 127 15 1886 2763 95 15 9
459 150 13 259 13 2764 117 1479
812 1871 660 656 914 117 618 236
252 2743 158 303 340 60 660 583
562 257 657 1171 550 37 1907 284 290
15 2765 614 1789 2358 624 461
50 1459 2766 1389 53 1478 46 259 6 2767
133 173 0 991 967 1892 15 2768 1095
275 301 46 2769 2770 359 864 2771
72 991 967 2197 53 1554 51 2772 2773
15 2774 550 2775 359 46 345
60 856 106 2776 1329 1757 46 2777
15 1898 2778 102 1427 284 790
466 2779 125 361 621 2780
41 2781 325 2782 325 621 1329 1757 106 1616
60 28 21 1568 693 2783 46 1892
13 359 21 2784 72 1095 106 114 21 2785
41 2786 1435 81 305 386 49 371
130 331 624 2354 699 624 487 370 153
13 259 76 2787 326 1329 1757 0 85
113 197 53 969 6 26 2788 100 880
49 1404 106 54 275 2789 265 114 46 682
2790 26 46 2791 301 178 2443 480
2792 46 2131 49 232 1393 2021 384
1183 2793 969 60 1693 2794
72 282 826 19 100 2795 2365
2796 28 15 458 6 296 46 2759 2797
60 2789 46 806 1433 813 60 1515
2798 2799 969 142 909 50 163 1839
133 19 1071 993 2800 2801 306
133 993 80 41 2802 28 577
60 144 649 2803 2804 2734
1020 991 992 2430 2805 553 19 2806 492
100 26 2807 21 650 60 2808 2102
547 2809 969 268 89 266 34 2810
180 34 2811 106 729 72 115 2773
1433 729 60 115 301 142 518 2648
100 175 53 1028 60 2812 2813
348 135 969 2389 26 254 2606 120
2814 1458 503 2787 257 21 2787 996
312 503 803 8 729 49 1618
13 594 181 594 133 11 2815
2816 416 1458 503 127 2389 26 266 1042
146 254 2493 530 2817 45 72 85
49 144 305 129 1532 41 1904 192
60 28 266 2534 106 2818 699 49 80
110 456 46 2819 969 624 1786 265 262
49 144 305 1818 1533 655 562 190 2081 56
142 518 181 2820 1324 130 1414 72 2821
624 518 254 2708 333 2708 15 338 1299
6 518 181 2822 170 774 2823
15 2824 840 231 2825 287 43
1466 518 1558 781 60 673 13 95 15 64
86 550 1558 2826 49 1772 158 257 142 2759
562 2827 72 315 2828 231 478
60 2829 203 2830 72 2785 106 16 119
254 54 15 300 166 839 2831 56
553 156 203 2832 1245 284 2833 15 612
13 54 2834 438 2835 287 2836
60 643 1331 2238 873 337 691 1479
1592 414 1608 624 1583 669 142 840
2816 624 1629 254 1826 656 257 142 480
1377 268 1569 142 969 2837 1391
6 255 1247 41 1233 49 338 203 1095
15 1515 618 2838 181 117 130 809
553 156 158 586 142 2401 127 1024
547 1560 988 173 133 550 503 597 651 825
160 95 657 161 60 306 2839 41 163
6 2840 142 2841 1525 1111
2842 142 802 60 2843 561 1217
122 326 254 2844 673 2845 49 2221
49 2846 15 1510 54 775 1558 507
180 28 503 667 1770 142 2847 1866
553 117 657 2410 217 657 2848 49 162
60 597 798 597 553 95 142 816 651 1503
657 30 2849 749 656 156 656 426 72 326
49 561 137 1282 656 11 710 266 145
180 14 656 150 86 951 657 288 624 2850
524 2851 657 115 340 2852 88 159
1071 418 15 2853 2854 2852 2855 1095
2852 239 2856 49 2289 2736 2857
72 2858 117 15 708 701 624 1348
2852 202 2859 95 2852 860 2860 2861
642 951 624 2485 656 171 275 699 237 630
493 699 231 115 497 41 2367 345
2862 418 21 2863 217 503 1823 2864
100 665 50 942 275 2865 340 231 790
516 1674 217 966 288 508 80 2866
180 488 106 668 2867 136 53 207 2868
2213 660 122 2160 1558 8 300 1289
584 173 142 518 266 2869 2870
325 991 2603 14 514 2871 338
642 114 2872 142 2873 60 2516 80
49 365 106 365 501 1247 60 1761 530
2874 166 142 518 1937 1940 556
501 726 95 41 2875 2680
1592 142 816 49 2876 2877
466 739 2878 310 1928 2879
137 556 60 989 181 114 142 1515
137 556 60 989 2880 49 667 2463
60 95 78 548 181 991 1525 2365
2852 2881 72 365 275 2875 1233 2530
137 556 60 989 1071 862 2205 258
275 2882 953 56 2883 2884 1599 72 365
86 95 15 2885 106 2886 19
624 153 2887 117 15 1 2888
60 115 2511 2889 917 789
72 127 106 2890 1289 60 201 2891
110 95 15 2892 117 50 8 594
106 345 106 1649 106 2893 106 288 106 91
624 153 337 846 806 582 701 1047
1371 1247 41 115 14 656 924 56
100 114 337 2516 423 13 2894
106 136 1466 19 618 660 2895
60 359 459 2896 13 257 2897 32
459 693 254 813 1399 657 809 49 478
180 3 275 56 613 1236 1733 119
1071 32 49 2015 230 2898 2222 49 127
254 139 1031 2127 325 449 2899 2074
106 449 903 75 2900 102 1300 49 817
651 699 15 670 106 991 450 518 1978
2901 562 2902 28 41 2903 736
15 406 976 516 1608 2904 2905
60 449 1950 2906 2054 337 30 2907
2908 165 2909 645 1689
60 2330 2910 2911 106 2912 207
165 257 15 2913 106 136 536 2914 19
142 518 1881 171 60 371 49 561 2915
642 1475 106 1229 1344 213 72 136 1505 789
1512 190 2916 2917 1826 60 479 2918
60 26 72 136 208 723 46 2454
86 291 2919 60 2920 106 2113 237 2365
2921 95 15 2386 6 2154 508 2013
275 586 254 2922 28 265 991 450 1947
2921 781 49 1404 268 56 49 2923
6 857 2924 142 518 76 34 1281 2925
2926 50 2927 13 699 414 2928 2929
624 273 389 419 695 620 15 292 293
2930 503 145 960 145 53 139 624 149
1371 14 86 951 624 2931 34 137 1487
100 54 689 518 72 909 58 1787
2932 173 15 1314 60 1574 106 207
325 2789 49 2933 210 350
13 2309 2086 180 2934 21 2935
2466 15 951 770 106 518 911 2936
113 19 60 810 168 582 338 158 1289
547 11 120 6 550 1558 935 106 927
333 1546 2743 142 36 49 2937
562 2938 682 624 418 142 47 374
562 418 142 2074 275 95 46 1006 231 1302
6 166 142 2057 106 518 133 550 1071 2939
414 1229 6 2940 550 1183 674
2941 28 15 19 254 257 15 19 2942
100 54 142 47 1531 1662 359 142 1385
2883 815 333 95 142 263 2943
618 2944 54 90 618 2945 106 154
6 326 370 530 2946 266 2947
49 271 180 229 114 46 141 106 703
180 229 136 903 2948 624 1557
653 26 142 9 72 326 53 197 142 114
2949 1060 989 624 701 2950 1777 60 306
60 152 142 47 41 2951 28 15 1173
2952 139 1031 1156 2953 2954 268 166 536 691
1493 145 2955 117 2956 781
536 989 158 166 6 550 1071 2896 102 729
2957 60 1769 230 18 114 2542
1236 2958 596 142 927 361 571
60 2022 2959 2960 85 142 594 106 518
165 114 181 1072 1071 329 140 701 503 517
966 1936 624 11 597 103 2961
102 2962 2963 49 2964 514 2965 1282
41 1977 72 518 49 593 624 1115 2877
110 247 988 1956 2966 142 971 15 594
1371 28 46 2250 60 1088 536 1291 1006
547 359 142 2066 372 660 37 711 461
15 2967 2968 117 142 2969 1424
6 2358 254 1338 359 142 492 2970
553 1082 787 275 1082 1537 2971
2972 2973 158 54 142 1487 2974 41 2975
60 2356 1756 142 263 166 2976
49 329 158 2408 72 497 15 2977 345
74 988 673 60 797 624 150 2978
1085 497 41 356 2979 550 103 2980
2981 106 2982 540 142 403 2983
503 1966 6 550 103 2984 1240
325 2405 2985 28 2986 2987
657 518 60 2988 296 278 2989 1943
275 1517 2990 2991 224 142 91
180 329 2992 550 475 264 988 507 76 1016
100 660 2993 142 2202 142 703 913
656 423 142 114 15 75 60 550 640 2994
49 692 142 2059 60 2516 418 657 840
1880 77 49 561 325 550 49 487 847
6 991 2995 1449 76 2996 1699 76 918
72 530 2997 2998 624 2999 618 1749
106 520 3000 54 142 3001 1449
49 3002 217 49 3003 3004 423
465 262 37 991 2811 624 456 3005
656 423 100 1122 95 142 961 2936
6 114 15 75 3006 700 237 1289
642 550 3007 660 966 288 181 95 142 513
60 54 275 3008 561 49 641 3009
231 1025 21 3010 217 181 3011 1167
3012 2228 230 3013 181 769
180 326 503 168 3014 28 15 927
106 3015 106 2134 76 512 275 326 231 3016
106 193 1921 3017 586 15 513 503 1025
325 193 1031 3018 2517 268 326 231 3019
180 212 158 153 15 3020 76 3021 393
15 1088 50 1081 804 3022 3023
15 1350 804 15 1653 15 419 76 612
15 2243 76 3024 158 3025 1322 28 657 3026
3027 106 597 1027 37 660
142 1088 450 513 1789 3028 139 2287
76 3029 231 991 3030 2583 3031 37 660
3032 386 15 3033 3034 78 3035
76 1499 89 624 120 966 288 3036 989
60 54 657 518 3037 326 78 1357
49 144 106 3038 217 982 3039
524 3040 562 665 50 47 3041
3042 287 2202 41 1034 594
562 563 562 3017 28 21 3043 3044
547 3045 15 951 1060 1620 95 142 3046
60 991 1089 513 536 3047 3048 158 386
966 288 1576 822 268 257 21 3049 181 3050
60 28 21 3051 296 664 15 3052
133 326 266 3053 3045 15 3054 2075
6 139 3055 1468 158 217 231 951 3056
280 802 6 550 775 1071 1050 372 1302
1371 236 6 1609 624 2725 254 518 656 3057
252 673 142 1930 3058 503 3059 241
142 1088 1345 36 167 3060 3061 3062
13 3063 19 170 3064 3065
3066 95 3067 3068 60 548 3069 106 1251
3070 396 115 2841 15 3071 3072
2949 222 3073 117 649 3074
10 550 254 673 695 56 624 518 656 594
86 550 1558 3075 620 3076
3077 15 1733 3078 117 15 1112
992 166 41 1014 110 682 624 173 695 530
49 247 1345 2785 49 54 275 340 231 648
584 561 254 28 15 3079 117 450 3080
3081 3082 992 166 254 518
275 3083 156 158 3084 2635
76 3085 37 449 3086 28 1116
547 327 158 166 514 3087 2241
6 395 102 3088 217 181 11 3089
158 166 15 1132 49 287 3090 2435
170 3091 3092 1465 21 765 266 3093
967 173 649 1975 333 3094 3095 60 2482
65 21 2590 3096 3097 817
992 3083 173 37 193 712 792 60 3098
13 1416 158 769 1371 28 15 1934 106 736
133 136 266 3099 217 224 988 3100
624 11 1050 325 327 1402 1761 1309
3101 988 1181 6 550 1071 3102 114
1059 624 17 657 250 820 3103
1113 224 657 1496 518 49 1557
3104 618 2563 372 2258 988 419 18 419
6 550 1071 3105 2001 37 3106 3080
60 2023 49 19 657 30 3107 1699
6 550 1071 3108 2433 49 114 15 853
275 17 3109 988 1650 418 657 393
3110 1616 142 3111 60 2716 1680
60 301 2941 2963 3112 3113
1531 561 65 15 3114 117 657 1099
13 3115 254 1098 988 95 657 3116 539
642 991 3117 2497 550 284 2994 49 560
15 2876 60 1895 117 657 518
414 14 49 144 1466 1936 130 3118
37 3119 2352 3 1466 3051 3120
562 28 3121 1466 3122 1369
1878 3123 28 3124 3125 156 1878 3126
1371 530 481 1885 106 665 3127 3128
49 2984 3129 2358 624 285 142 3130
60 2554 106 3131 1615 41 556 106 3132
49 80 3133 2213 54 911 330 450 3134
1789 3135 72 518 3136 3137
15 3138 6 150 254 2503 49 1438 1689
60 1335 49 3139 41 3140 1220
275 2537 106 3141 1629 18 1016 266 3142
13 1756 624 1048 60 723 15 3143 989
3144 3145 1229 6 530 3146 2554 106 660
268 3147 701 624 3148 106 3149 1419
332 0 3150 3151 562 2000 65
3152 2127 49 3153 60 3153 49 2127
501 1614 156 624 2485 142 47 49 2588
268 2645 2716 586 142 927 3154
1085 326 516 549 158 47 100 788 3155
128 701 966 32 1928 117 337 3156 2752 3157
72 449 3158 117 78 3159 3160
547 1186 106 1016 165 550 671 989
6 1338 166 18 704 340 1493 3161
60 2292 518 86 326 181 3162 2469
3163 551 368 557 951 130 403 2070 3164
100 550 1183 3165 49 991 68
60 1613 18 3138 3166 597 553 550 1071 2365
6 660 122 1317 3167 3168 988 56
60 359 6 1413 668 624 673 284 1753
3169 273 624 390 991 3170 2611
432 142 3171 122 2113 76 3172 2144
180 212 656 150 18 991 3173 3089
562 550 18 659 3174 3175 41 2000 106 19
60 550 41 785 701 503 1549 3093
49 3176 128 1317 624 3177 95 657 907
142 3178 1449 128 3179 450 1413 3180
60 1655 49 660 562 660 49 561 110 3181
15 2431 1403 275 3182 3183 3184
13 54 657 1440 56 3185 41 3186
966 3187 659 60 659 640 1422 561
1060 1338 28 266 3188 553 3188 2715
86 173 49 80 2974 3189 106 2583
60 449 2941 447 2318 275 166 100 2719
254 83 1466 3190 230 18 520 3046
180 241 167 520 935 3191 32
1020 3192 28 142 3193 154
76 301 142 2944 241 237 3194 3195
275 95 337 3196 3197 2202 268 550 3198 703
503 550 1000 54 624 1115 60 334 6 3199
557 991 3200 3201 386 337 30
624 857 266 1693 333 334 645 266 3202
18 1899 2234 1156 142 1424 640 173 266 2229
432 78 2638 704 334 3203
618 755 237 2202 60 95 337 3204 1193
46 598 46 3205 423 65 142 2386
1345 3206 37 3207 25
275 89 2542 6 2060 2537 1470
3208 618 737 1371 28 2378
76 1098 15 558 100 880 562 2386 60 927
1071 3209 18 263 28 3210
953 470 49 3211 3212 2452 21 1025
106 85 46 1922 11 710 266 3213
6 1129 3214 2725 254 530 798 669
325 1815 624 3215 34 1281 518 49 3216
1592 49 247 1322 418 988 330 624 3217
49 1032 280 3205 54 3218 265 597
49 509 514 2634 28 2274 85
122 28 3219 3220 72 561
503 19 53 1316 254 1084 6 550 372 548
46 3221 3222 386 37 2962 682
49 561 237 229 3223 229 2353
459 423 13 3224 117 41 1942 393
1466 3225 237 3226 60 1008 3 3227
268 26 242 3228 224 3229 54 181 145
60 3230 144 1322 2160 49 1473 4
553 1240 6 3 775 1071 3231 1322 1692
46 3232 60 85 624 1616 3233
254 3234 1098 15 1733 1506 15 1254
180 34 3235 60 329 1878 153 231 1302
1493 597 76 2708 18 34 3236 1145
78 550 372 2607 60 136 140 1761 80
624 814 266 989 209 46 650 60 85
133 991 1281 518 122 230 15 138 106 1220
158 682 180 1495 2206 80 3237
562 1510 28 649 518 76 28 649 539
3238 3239 2236 76 331 37 331 3240
503 326 1558 3241 1157 0 3242
158 3243 173 72 3244 3245 325 3246
3247 15 3248 106 3249 3250
3104 278 3251 19 1466 3252 264
158 2127 254 3135 6 3253
275 2408 102 3254 117 3255 792
13 114 258 3256 3257 3258
6 326 325 740 37 627 325 3259 37 2328
49 136 624 1127 1557 15 3260 106 19
275 12 180 3141 189 1071 2205 180 907
3261 1520 49 561 624 3262 15 628
37 991 3263 15 810 3264
76 3265 1089 3266 359 2378
275 3267 130 858 553 71 76 3268
1071 550 254 1348 3269 102 168 60 3270
1543 114 60 597 18 3271 1028 798 3272
180 3273 259 3274 2181 3275
3276 3277 95 337 3278 2365
503 342 988 80 1294 95 46 927
60 1486 53 991 3279 1129 13 238
275 166 254 3280 37 3281 822 503 197
13 471 3282 61 561 180 85
3283 26 3284 3285 1490 450 2074
86 1088 3286 3256 558 72 34 1978
547 26 142 201 2927 475 95 46 2131
242 669 649 3287 161 21 3287 1838
475 1554 18 3288 3289 60 2812 3290
46 1306 3291 14 46 259 260 565
133 263 1352 925 3292 3293
562 26 3294 3295 340 103 698 265 200
234 1852 265 28 78 961 54 203 813
508 19 1217 60 2645 713 1946
252 488 203 3296 53 3297 117 203 965
234 857 3298 13 173 501 509 203 968
203 270 1324 3299 3300 640 80
60 1608 3301 166 49 3282 85
72 449 917 207 2105 330 254 3302 183
76 212 158 150 158 3262 254 8 1487
13 56 181 1178 322 3303 23
60 115 3304 257 41 2206 125
180 963 389 345 516 1023 102 868 2131
3305 15 3151 37 3306 930 3307 163
50 115 586 503 1487 503 1293 3308
13 166 3309 133 173 341 95 1217
1592 142 925 32 237 3310 1178
203 32 100 3311 217 459 3312 1818
557 1247 475 173 3313 183 503 115 1256
3314 2663 257 41 935 2797
252 530 459 2265 3315 117 337 1267
6 287 840 2497 115 17 160 530
128 720 86 26 142 438 438 3316
224 6 788 3317 170 1674 453
37 34 50 3318 156 53 3319 3320
15 3321 451 54 966 458 304
372 550 3322 280 3323 6 1651 1658
49 3324 15 22 808 117 46 345
1085 991 1505 3095 275 17 6 3325 3326
557 449 3327 3328 83 265 2779 790
49 80 100 3329 334 582 548 337 1220
60 3330 257 280 3331 3332
2917 593 46 3318 3333 37 282 3334
40 1637 3317 130 1955 553 376 3095
642 2434 3323 100 474 423 72 136
1020 727 46 3318 561 46 3095 49 3324
278 1269 106 2055 95 41 71 106 125
181 3335 72 2132 217 953 2132 3335
181 3336 525 784 1885 106 1560
3337 3338 1319 2050 173 49 1032
3339 503 3340 230 2804 1693
615 3059 3341 217 503 3340 693
615 3059 3342 14 41 3343 3344
102 961 3265 49 144 15 3345 3346
3347 95 3348 60 95 874 530
1329 255 217 72 1709 49 701 3338
41 3349 72 2963 60 3100 41 292 1267
775 41 442 3350 505 41 2577
618 136 15 75 1576 822 252 487 3351 507
49 3352 15 971 6 3353 838 28 78 2000
142 925 32 237 229 497 15 975
3354 181 1157 130 2782 553 1608 3355 2782
133 3356 266 621 222 673 203 3357 237 3358
133 3359 266 3360 2105 3360 1694 301 203 388
624 701 3361 1898 3362 2782 60 621
13 327 524 1898 153 624 95 203 2482
60 95 178 2859 166 911 597 1479
553 95 15 1892 6 418 142 925 3363
624 518 49 436 203 1404 252 507 624 692
6 438 586 41 1157 130 476 3364
624 2416 624 11 2485 41 2968 641
142 925 156 234 2602 3365 301 15 2329
60 699 18 971 624 1240 142 518 562 983
562 993 182 3366 37 935 850
53 197 562 3367 100 14 53 197
562 236 170 644 3368 144 1322 52
180 507 53 2560 49 991 1281 3369 927
53 197 15 1 217 536 1262 3370
252 95 2524 2165 178 120 6 85 613
46 163 516 173 15 2131 49 144 992 1807
49 120 459 3371 624 1963 254 80 100 3217
1465 624 3372 158 28 142 47 258
60 28 266 2019 6 166 254 935 624 3372
41 1105 3373 13 2275 301 46 163
466 301 2216 3374 372 1127 24
46 1178 181 1 95 142 3375 350
72 229 197 53 1178 653 95 46 1424
60 1756 78 3376 14 624 1240 3377
29 32 624 518 60 334 562 3378 561
2427 46 927 3379 988 257 3380
1071 1023 102 1178 60 1291 3312 80
1165 37 1580 3381 224 142 1536
60 990 173 15 1347 975 106 971
3382 3185 15 3383 3384 117 15 3385
325 54 1345 1132 6 3386 95 15 1209
231 824 6 1100 28 15 3387 1370
562 236 1463 3388 32 3389 46 163
547 342 158 673 562 507 3390 46 927
49 2265 180 561 642 3388 296 265 1079
60 3391 46 2988 497 72 287 1025
110 814 624 3372 312 3392 181 1178
60 114 459 3151 6 34 864 1256
3393 6 927 6 2309 142 927 49 1807
180 54 93 1406 158 2789 142 1282 60 561
1539 173 1399 49 1197 561 258
13 1960 49 3394 991 3395 1282 640 80
988 418 142 47 46 2050 288 516 3093
60 991 3396 47 53 3397 1554 3398
106 1229 142 47 60 85 624 1115 3399
41 1547 1957 3400 1789 28 266 3401
3402 142 927 72 34 3403 1066 3404
13 673 142 3405 3406 342 142 1129 3406 2311
3407 811 561 584 991 3406 80 21 1780
53 253 254 673 3408 3409 95 142 3410
60 699 53 485 180 550 481 320 72 85
3411 1000 149 60 114 6 166 72 561
100 56 624 701 3412 6 190 181 149
60 550 142 47 1000 3413 28 46 814
142 47 1344 2902 530 6 667 139
53 485 3414 49 80 142 1498 340
13 26 2389 173 325 190 103 173 266 238
180 26 55 3415 60 190 181 556
416 3416 13 3417 49 825 180 561
3247 6 3418 6 1229 562 3419 231 3420
15 3421 117 46 115 26 2389 1486
53 249 6 3422 3423 114 49 132
60 3424 41 1282 3425 3426 359 142 2066
100 1229 624 873 205 991 3167 243
305 701 624 2318 53 1554 1433 1229 60 561
416 2420 15 3427 60 699 1000 550 254 238
3428 586 203 797 53 1554 46 814
60 814 49 3429 60 814 72 3430
130 368 1399 1000 550 6 2650 265 340
49 34 50 814 40 957 1181
2389 26 170 814 181 3431 60 3432
254 1317 1328 49 1367 142 814 72 149
140 814 72 520 1818 3433 3434
60 95 142 814 503 183 3435 1374
15 1653 618 1662 699 2974 3436 340
60 95 44 3437 28 21 587
100 26 481 774 72 814 2233 28 46 814
466 814 106 139 49 144 46 3431 103 597
584 327 3167 503 183 3438 1946
3198 114 13 365 60 561 72 54 466 814
133 34 3439 1990 265 54 624 817 100 2071
3440 28 46 1167 3439 54 624 330 46 814
60 814 46 2074 3351 166 3441 306
1789 1157 180 518 142 3442 259 3443
103 814 3443 15 116 117 46 518
1597 1943 158 1885 37 3196 60 991 103 365
72 1300 106 250 3444 37 1787 1878 560
638 41 827 365 181 3445 487
110 95 15 827 342 988 1770 3446
333 95 46 3447 1277 624 365 640 80
180 229 669 988 530 158 1201 265 669
6 229 561 41 2535 259 49 85
348 230 142 1487 46 518 60 518 6 340
60 673 53 444 988 359 142 1487 181 814
53 1167 3448 518 268 175 53 28 966 32
6 334 613 60 153 254 329 459 153
459 692 268 115 166 647 43 158 45
252 329 15 594 181 1486 15 916 49 80
133 32 3449 18 3450 395
266 3451 95 15 3452 113 114 838 1361
222 117 3453 1743 1554 53 3454 3455
3104 15 1930 117 142 927 181 3456
222 17 142 927 3198 54 41 3457 3458
275 991 3406 822 15 1164 2220 2238 350
76 139 3453 2228 136 695 136 181 173
49 1023 137 729 224 100 3151 41 163
72 1300 3433 989 142 927 60 32 1071 3459
60 28 78 935 3460 423 459 56 3461
86 991 992 3462 6 182 181 152 106 729
624 456 815 203 1324 624 692 234 45
6 182 10 1240 988 1026 3463 571
3464 95 15 57 930 3465
1789 3466 2275 54 234 1976 988 920
1465 234 822 142 119 237 1254 15 594
3467 624 3468 1608 3469 840
102 1616 3470 1181 181 2181 729 3471
13 782 1704 234 173 234 166 3472
60 782 120 254 550 6 550 1000 145
547 909 1062 3473 166 72 483 1032
60 207 72 518 3474 173 49 701 3475 1692
1592 624 1302 37 1608 60 182 37 561
60 95 1466 1438 18 45 1878 3476 80
547 1557 254 561 49 3477 15 918
6 34 3173 2759 224 142 927
3478 561 254 257 29 288 13 257 46 840
3408 2131 37 2131 60 3479 988 173 18 197
1275 561 53 444 2069 13 95 142 393
1281 927 1600 49 2348 29 288 2349
268 3480 53 1406 37 1077 156 46 682
181 597 553 991 3481 652 651 1989
584 561 146 265 1656 142 518 1576 822
203 1580 395 1071 2001 966 1191
60 1008 418 142 163 234 2702 142 1579
6 334 2069 10 3482 337 2591
252 456 254 530 13 963 624 1115 3483 1018
1577 561 3484 37 395 60 3485 142 1536
266 3486 562 26 55 2050 456 254 3487
142 2177 1986 257 51 129 3380
1482 1413 232 988 2463 60 2463 2924
15 3488 117 142 3489 1536
133 550 10 1786 265 1053 3382 158 150
333 173 49 518 252 518 49 162 988 530
562 3490 2554 838 156 337 1900 266 2071
503 3491 13 1690 0 1899 3492 692
180 212 624 17 2780 624 17 1694 3346
60 95 142 3493 682 1876 1016 106 85
165 136 3494 75 181 3289 100 2202
3347 3495 18 3346 3496 3497 80
6 550 508 173 266 530 325 26 3366
3498 149 3453 1693 333 34 98 927 719 1164
72 2165 624 456 254 518 265 257 966 32
180 334 72 85 41 1105 2716 477
13 3045 142 927 6 1468 268 334 3499
475 95 209 106 1173 181 3500 49 3501
325 423 966 3502 37 34 3503 3504 3505
325 22 3190 28 1393 830 3506
325 1565 325 2235 4 49 80 3507
49 993 1446 1727 37 85 258
13 991 2009 2020 325 991 2009 3508 710
3509 466 3510 927 0 3511 85
475 310 3512 15 3513 117 41 941
46 974 1716 1960 60 3514 1797 49 80
3515 142 3034 1789 1157 624 143 142 1613
6 182 6 2309 988 2075 3516 988 1536
992 166 142 2075 60 34 1281 1895 539
3517 117 142 2075 3518 102 2844 1140
547 230 37 139 850 53 149 1031 1220
60 26 208 723 158 3519 173 3520
76 212 158 456 254 418 280 3095 106 149
6 701 3309 337 3521 3522
60 3523 930 2563 106 518 562 720 562 139
3524 520 3525 3526 117 337 3527
585 149 3453 3528 562 139 3529 85
1916 2988 95 46 927 6 156 158 740
46 2988 857 3530 49 3531 80
133 26 242 1784 49 701 268 26 242 1367
18 3532 569 53 80 3533
381 14 41 1738 3534 3535 49 3019
466 117 203 3536 2 3537 583
773 1680 203 1014 60 2309 618 1816 3538
72 3539 117 15 739 234 1629 1071 772
1085 1608 3540 138 741 1608 72 3541
3542 28 3543 1608 170 3544 1749 181 2609
49 3545 54 275 2244 775 203 163
254 3546 1608 1505 3547 3250
100 3548 53 1871 54 275 2244 0 85
1085 550 46 1014 3549 85 3550 505
13 212 53 3019 46 1130 2683 200 49 561
60 290 15 198 1025 3551 561 266 556
100 814 624 3552 6 26 1556 701 46 814
133 26 2683 200 60 991 3553 3554 340
1463 1468 624 701 106 1498 217 2780
275 497 1463 2541 456 3555 988 340
15 1338 3556 166 41 941 3433 183
15 3557 1947 41 949 3558 1016
49 2588 988 1655 49 2000 142 3559 3560
3561 142 1338 3556 418 142 1706
60 1629 3449 142 3562 49 80 41 3563
3564 21 3565 37 1608 3566 1095
60 1499 54 142 3556 80 3567 3568
2242 624 857 252 173 3569 162
13 111 1616 0 561 1433 28 389 1282
624 2230 466 3556 95 2216 2000
252 136 140 550 3570 692 13 213 72 3571
953 991 3572 3556 1670 142 703 466 769
1505 2074 15 3573 117 142 2844 886
142 2844 886 1236 3574 3575 3576
222 175 53 2344 65 60 1984 3577
2090 46 810 321 100 3578 2215
222 530 1659 2109 3579 100 858 41 670
242 26 224 46 904 2697 223
140 380 3580 106 136 3581
3582 386 46 3583 181 136 46 1153 517
110 2074 848 26 224 46 3584 1411
60 342 6 2344 49 3585 46 587
3586 3587 2929 72 3588 792 106 3589
65 266 3590 575 266 774 503 597
100 89 53 3591 102 371 6 3592 102 755
60 371 1107 1289 3593 327 130 3594 673
142 518 181 14 41 3595 3596 340
180 54 275 658 3597 449 3598
3599 102 54 275 296 3600 15 1016
278 3601 3602 1936 49 1201
142 3059 449 3603 28 142 518
3604 6 193 3605 423 254 3606
516 317 988 217 624 3607 56 2246
4 181 371 275 1408 2358 3608
615 3609 624 1115 165 3059 166 615 1749
60 3610 37 1480 3611
142 1156 60 991 3612 562 3346 946 423
557 3613 418 15 729 3614 1047
180 550 1071 3615 265 183 60 549 265 933
475 197 562 1178 562 2000 562 1626 562 612
547 561 268 32 516 518 3616 95 142 388
275 701 503 3617 257 450 393
76 212 459 701 113 166 142 1930 2269
6 3618 3619 329 459 153 3620
133 54 266 183 750 142 935 3453 3501
268 787 15 75 49 120 158 166 254 530
133 326 266 173 110 518 231 507 3621
967 288 181 173 100 989 562 114 946 327
128 710 158 3296 128 710 967 288 266 989
6 166 100 3622 37 3623 217 37 1419
503 3624 673 333 550 3625 142 1173
15 975 158 47 3626 173 953 722 3627
547 1077 518 37 1419 53 3628 988 1167
1482 32 3629 34 3566 1438 167 723
1734 26 547 2050 120 624 518 265 173
86 550 662 142 47 37 85 3630
372 550 254 1240 102 85 86 550 1113
1000 117 142 47 3631 359 46 2066
475 3632 85 6 550 372 1557 142 1282
102 593 3633 26 6 550 372 3634 224
2272 212 53 3635 102 561 372 550 254 223
3636 224 142 47 37 1733 1268
268 1120 456 624 95 142 47 1142
6 166 100 974 46 3637 28 3499
86 114 142 594 231 3638 34 2239
3639 83 15 1674 117 29 32
13 518 3517 301 180 56 624 692 46 513
280 54 651 153 53 444 60 550 1000 1167
547 418 268 2131 504 26 78 1906 682
37 3640 142 927 49 2175
49 144 988 247 15 1302 49 991 450 393
60 3372 6 3641 296 254 1079 15 419
2766 1554 53 136 3315 117 982 1016
6 95 15 292 3642 117 46 1424
911 166 524 1037 60 3643 106 813
6 95 142 513 46 916 618 594 3644
475 2124 265 262 49 144 988 518 265 597
15 597 624 436 60 153 2941 1783 106 539
547 1324 624 518 268 520 456 3645
37 520 26 464 173 3645 142 1220
133 34 3646 3647 518 72 561
130 1141 550 49 80 533 106 85
992 166 51 920 49 692 268 3648 166
252 189 3351 173 3649 181 2160 106 518
110 282 3650 3120 254 991 1443
1482 2967 117 142 1438 46 259 260 560
180 26 3651 561 624 456 2723
142 3652 1025 49 991 2480 1153 3653
142 2074 231 162 142 1058 54 416 857
3654 72 518 1827 3655 503 1199 3656
13 3657 1098 46 1487 231 1841 1928 85
562 193 1375 1760 98 117 78 1095
416 166 1235 34 1505 3658 49 80
49 790 72 34 1972 680 83 46 1706
503 1078 106 3648 669 158 54 624 1557
203 518 180 2498 1281 518 624 3659 60 3660
72 1291 85 53 2560 624 1115 2167
13 26 55 849 2167 49 561 992 3661
72 3662 46 3663 3537 60 781 3664 3665
72 3666 781 3517 1871 781 992 3667
86 550 3668 3669 550 1000 3336 1088
60 114 142 3670 2165 72 85 181 2318
180 550 1071 3615 93 3671 106 34 93 3672
3673 117 46 518 46 729 46 2876
60 28 3674 85 3675 32 49 3676
76 152 1322 3372 662 15 739 459 153
180 550 1071 3615 265 183 130 3336 550
49 3372 662 15 729 100 3151 41 80
3677 3678 83 21 2975 60 955 3679
41 3680 106 3681 136 2114 1615
60 193 3682 1670 284 3683 3684
72 1490 3685 3686 117 6 2329
275 3307 418 78 1293 1670 106 518
41 1264 2196 627 501 28 3687
60 2503 41 3688 3689 275 699 838 560
662 1865 3122 41 1352 3609
13 1098 142 925 288 967 2975 3690
15 2927 180 3691 1458 582 3692 142 1006
624 2554 3693 15 1471 106 3689 3694
60 3695 3696 41 1276 3697 1730
13 1615 503 3609 15 3689 180 991 3698 45
113 3699 2395 151 1670 142 925 32
15 743 3700 3701 1317 3679
3678 83 21 1706 21 3702 2975
1085 482 3703 6 3704 3705 492 49 509
3425 3706 83 13 95 203 793 345
15 1 3707 3708 386 6 1670
275 482 3709 117 450 1286 1329 3710
60 530 15 3711 106 860 4
1558 3712 83 41 3713 345 3714
78 2975 234 3715 95 41 3716 1576 83
275 418 967 1670 3708 627 3717
3718 41 3689 60 3140 2076
180 755 3719 13 550 142 925 3720
3425 306 180 3609 60 136 18 54 624 560
967 1670 3721 1662 1662 3722 254 518
